# prbv-samples/v1: generated by tools/quality/probe_volume.py fixture
leak.prbv 56 16 16 1 0 0 0 1 5.00715349e-14 5.00715349e-14 5.00715349e-14
leak.prbv 56 16 16 1 0 0 0 0 0.0564668838 0.0564668838 0.0564668838
leak.prbv 40 16 16 -1 0 0 0 1 1 1 1
leak.prbv 40 16 16 -1 0 0 0 0 0.943533116 0.943533116 0.943533116
leak.prbv 20 10 20 0 0 1 0 1 1 1 1
leak.prbv 20 10 20 0 0 1 0 0 1 1 1
leak.prbv 70 20 12 0 1 0 0 1 0 0 0
leak.prbv 70 20 12 0 1 0 0 0 0 0 0
analytic.prbv 0 0 30 0 0 1 0 1 0.488525391 0.488525391 0.488525391
analytic.prbv 0 0 30 0 0 1 0 0 0.488525391 0.488525391 0.488525391
analytic.prbv 0 0 30 0 0 1 1 1 0.244262695 0.244262695 0.244262695
analytic.prbv 0 0 30 0 0 1 1 0 0.244262695 0.244262695 0.244262695
analytic.prbv 10 -20 40 0 0 -1 0 1 0.111450195 0.111450195 0.111450195
analytic.prbv 10 -20 40 0 0 -1 0 0 0.111450195 0.111450195 0.111450195
analytic.prbv 10 -20 40 0 0 -1 1 1 0.0557250977 0.0557250977 0.0557250977
analytic.prbv 10 -20 40 0 0 -1 1 0 0.0557250977 0.0557250977 0.0557250977
analytic.prbv 30 30 70 0.6 0 0.8 0 1 0.424455915 0.424455915 0.424455915
analytic.prbv 30 30 70 0.6 0 0.8 0 0 0.424455915 0.424455915 0.424455915
analytic.prbv 30 30 70 0.6 0 0.8 1 1 0.212227958 0.212227958 0.212227958
analytic.prbv 30 30 70 0.6 0 0.8 1 0 0.212227958 0.212227958 0.212227958
analytic.prbv -50 5 10 1 0 0 0 1 0.300048828 0.300048828 0.300048828
analytic.prbv -50 5 10 1 0 0 0 0 0.300048828 0.300048828 0.300048828
analytic.prbv -50 5 10 1 0 0 1 1 0.150024414 0.150024414 0.150024414
analytic.prbv -50 5 10 1 0 0 1 0 0.150024414 0.150024414 0.150024414
analytic.prbv 60 60 90 0 0 1 0 1 0.488525391 0.488525391 0.488525391
analytic.prbv 60 60 90 0 0 1 0 0 0.488525391 0.488525391 0.488525391
analytic.prbv 60 60 90 0 0 1 1 1 0.244262695 0.244262695 0.244262695
analytic.prbv 60 60 90 0 0 1 1 0 0.244262695 0.244262695 0.244262695
