# mode px py pz nx ny nz rx ry rz roughness -> r g b (Source units), relit by fixture_light with FIXTURE_OCCLUDER
1 35.9604184 107.451184 0 0 0 1 -0.479358932 0.856651935 -0.190689478 0.5 0 0.217904344 0.611684795
1 190.954308 137.851524 47.2440945 1 0 0 -0.929937598 0.179263016 0.321062043 0 0.140312461 0.142039921 0.406748642
1 73.4202551 145.031176 47.2440945 1 0 0 -0.60471049 0.67795973 -0.417966299 0 0.0580377311 0.20087205 0.25036887
1 194.701537 109.352723 0 0 0 1 -0.759220878 0.14690913 0.634035776 0.2 0.0841271595 0.445751184 0.447942453
1 142.230986 130.188329 47.2440945 1 0 0 -0.879144638 0.458573796 -0.129671815 0 0.202146781 0.218335556 0.23084265
1 120.085518 127.170377 0 0 0 1 0.876012891 -0.219763497 0.429308072 1 0.376904303 0.671154752 0.264630555
1 27.062126 58.6620486 0 0 0 1 -0.0712600613 -0.17256368 0.982417315 1 0.0167012667 0.699550152 0.493198372
1 181.234914 21.911729 47.2440945 1 0 0 0.563994331 0.799325704 0.20733744 0 1.03455456 0.726260012 0
1 22.4085252 110.979173 47.2440945 1 0 0 -0.629633652 -0.563827641 0.534471568 1 0 0.761255532 0.554143349
1 220.663244 27.2790529 47.2440945 1 0 0 0.369836773 0.890085667 0.266398698 1 0.597204261 0.319123825 0
1 201.222745 62.3273859 0 0 0 1 0.570633978 0.816399734 0.0887036459 0.5 0.614149137 0.357865468 0
1 74.6702409 149.001947 0 0 0 1 -0.624159182 -0.495474629 -0.604094535 1 0.488153442 0.742849834 0.578084527
1 36.0649817 87.2136965 0 0 0 1 0.728838888 -0.388054832 0.564098682 0.5 0.425192758 0.737607945 0.248530754
1 203.140824 81.8214225 47.2440945 1 0 0 0.282747001 0.828002014 0.484217718 0.5 0.625014835 0.257398305 0.102003361
1 113.667841 142.219205 0 0 0 1 -0.42600544 -0.832410301 0.354418476 0.5 0 0.744415864 0.490362654
1 35.4052424 48.1316662 0 0 0 1 0.313030948 -0.947953283 -0.0582769113 1 0.308232257 0.793519412 0.454119885
1 117.784418 149.525643 0 0 0 1 0.682872163 -0.722257118 0.109682567 0.5 0.479217042 0.776004621 0.177342442
1 62.290864 137.130997 0 0 0 1 -0.725468466 0.149610327 0.671797779 0.2 0 0.347756781 0.704219623
1 97.7904807 59.4509619 0 0 0 1 -0.0325714366 0.437028565 -0.898857683 0.5 0.659866469 0.577747905 0.287929261
1 149.029523 54.2544619 47.2440945 1 0 0 0.787382897 -0.428995773 0.442708482 0.2 0.662210419 0.750567353 0
1 209.686724 25.8121306 47.2440945 1 0 0 0.0675731277 -0.957612204 -0.280022749 0.2 0.491559064 0.701323449 0.24355985
1 184.456971 137.64978 47.2440945 1 0 0 0.138196436 0.973903881 0.180036039 0.5 0.548046297 0.161071962 0.326564437
1 43.3720406 34.2092805 0 0 0 1 0.127107915 -0.696803263 0.705909903 0.5 0.0493771866 0.714545028 0.345876509
1 113.113389 9.14658164 47.2440945 1 0 0 0.992564351 0.0156952743 -0.12070488 0 0.711712647 0.826254603 0
1 116.330583 134.026603 0 0 0 1 -0.494867956 0.269990033 0.825960706 0.2 0.0634333071 0.213183526 0.44544087
1 226.027698 92.6462391 47.2440945 1 0 0 0.46240765 0.814859183 0.349547819 0.2 0.587211482 0.398990336 0
1 27.0325951 103.09666 47.2440945 1 0 0 -0.476062826 0.64602019 -0.596675875 0 0 0.649987735 1.06068115
1 120.484205 111.783785 0 0 0 1 -0.221854884 0.293663632 0.929807551 0.2 0.171835697 0.43623937 0.349081279
1 209.465879 13.9205424 47.2440945 1 0 0 0.437867741 0.407183139 -0.801544592 0.2 0.979294133 0.694777259 0
1 95.8092825 20.8928344 47.2440945 1 0 0 -0.875154284 0.0417296906 -0.48204109 1 0.0911811024 0.122583268 0.146960243
1 65.5755867 78.7170417 0 0 0 1 -0.693792837 -0.671596762 -0.260017863 0.2 0 0.70035299 0.510994185
1 130.442027 14.9976152 0 0 0 1 -0.658227345 -0.47876005 -0.580969514 0.2 0.544608159 0.687160936 0.444119668
1 78.4446839 79.3526672 47.2440945 1 0 0 0.088635559 0.198408958 0.976103285 0.2 0.301069356 0.664893551 0.428547736
1 212.269415 112.236978 0 0 0 1 -0.796231018 -0.361339172 0.485232077 0 0.0911811024 0.146585844 0.156153426
1 26.5698073 101.050116 47.2440945 1 0 0 -0.123615109 -0.186470344 0.974652818 1 0 0.707718877 0.51914385
1 53.4474059 95.2728959 0 0 0 1 -0.189600803 -0.647788079 -0.737849673 1 0.594178087 0.755541029 0.480654924
1 26.3652536 14.4512037 0 0 0 1 0.232347489 0.211269942 -0.949410162 0.2 0.850821851 0.787380867 0.199634313
1 164.825965 41.4156525 0 0 0 1 -0.781430671 0.424033329 0.457779251 0 0.0911811024 0.107444863 0.154537826
1 72.5037174 135.077988 47.2440945 1 0 0 -0.605654048 0.585875036 0.538454842 0 0 0.164324843 0.322589429
1 206.336476 25.3383388 0 0 0 1 -0.960105078 -0.168031551 0.223525471 1 0.0911811024 0.136260685 0.154981556
1 204.895118 83.4490295 0 0 0 1 -0.256710071 -0.958137553 -0.126776844 1 0.621993161 0.784746572 0.147199999
1 214.321467 14.9674914 0 0 0 1 0.268214045 0.563609667 -0.781284436 1 0.834184131 0.468646156 0.0390749537
1 64.3432927 140.989346 47.2440945 1 0 0 0.87034937 -0.375385292 0.318712812 0.5 0.685527164 0.675234416 0
1 8.01881287 32.1900964 0 0 0 1 0.778715929 0.620233695 0.0944016168 0.5 0.460537761 0.190447261 0.204523657
1 93.3303283 65.9873563 0 0 0 1 -0.77375841 0.417425313 -0.476501868 1 0.380368963 0.565797785 0.609007717
1 220.092639 85.3705554 0 0 0 1 -0.654240614 0.733652074 0.183640556 0.2 0.540337429 0.206377344 0.29821005
1 176.258062 109.730162 47.2440945 1 0 0 0.724913376 -0.363487091 0.585130526 1 0.694108207 0.678306394 0.0512403903
1 21.0273751 140.74128 0 0 0 1 0.714971729 0.699088321 -0.00953658899 0 0.316002456 0.0995152185 0.513205759
2 31.2888821 99.4229251 0 0 0 1 0.109593879 0.985098558 -0.132551928 0.5 0.136930369 0.139930656 0.385720188
2 30.7315739 110.627876 0 0 0 1 -0.673018868 0.184970264 -0.716122619 0 0.160915664 0.208678164 0.225970117
2 84.850186 22.793054 0 0 0 1 0.77559347 -0.454788113 0.437747121 0 0.3176158 0.710122117 0.265382994
2 97.6390133 33.4925358 0 0 0 1 -0.879572967 0.470022315 -0.0736913757 0.2 0 0.442625279 0.484227039
2 211.526651 51.6664916 47.2440945 1 0 0 -0.9242487 -0.00213840118 -0.381784975 1 0.0911811024 0.125653909 0.148370088
2 126.097382 47.7982574 47.2440945 1 0 0 -0.227561837 0.787905865 -0.572206219 0.2 0.996616222 0.50514333 0.341519063
2 226.280803 114.965652 0 0 0 1 -0.591525099 0.803687359 0.0646891533 1 0.293705458 0.259007886 0.364767775
2 166.809988 148.659215 47.2440945 1 0 0 0.853838363 0.179205777 -0.488718057 0 0.567273707 0.270936447 0.190960741
2 40.1279361 104.693414 0 0 0 1 -0.0427826779 0.793382493 0.607218134 0 0 0.0882114307 0.254030136
2 129.920354 12.5577651 0 0 0 1 0.00722850806 0.397642538 -0.91751194 1 0.803656814 0.523702999 0.129280839
2 43.0108242 50.0527471 47.2440945 1 0 0 -0.286860644 0.957965684 0.00356638075 0 0 0.109451771 0.543043984
2 16.517104 121.688902 0 0 0 1 -0.792985524 -0.334414797 0.509255047 0 0 0.635140226 0.640124328
2 215.953077 138.882846 47.2440945 1 0 0 0.684955235 -0.146428089 -0.713719231 0.5 0.67142116 0.56220054 0
2 82.3615142 92.1922818 47.2440945 1 0 0 0.0112757276 -0.789272987 -0.61393893 0 0.61958169 0.706111945 0.444957357
2 49.6725051 57.3134314 47.2440945 1 0 0 0.795522018 -0.477244485 0.373339552 0.5 0.417593448 0.78444038 0.262894727
2 30.3162689 58.2057473 0 0 0 1 0.882294679 0.470460763 0.0149254589 0.5 0.0722834646 0.0937579941 0
2 151.653075 97.652814 47.2440945 1 0 0 0.942310183 0.295658212 -0.156964141 0.5 0.558581453 0.535840272 0
2 109.54467 130.357727 47.2440945 1 0 0 0.611165529 0.340495864 -0.714520302 0.2 0.806895015 0.310546766 0.410728017
2 10.4482378 56.1808235 0 0 0 1 0.0369525245 -0.0835569602 -0.995817627 0.2 0.868073689 0.414177432 0.142571626
2 165.55179 34.9020914 47.2440945 1 0 0 -0.313728187 -0.515156646 -0.797614101 0 1.12552242 1.09798152 0.467869209
2 64.464725 8.26952043 47.2440945 1 0 0 -0.977260746 -0.21072605 -0.0235789469 0.5 0 0.634138479 0.575527304
2 179.965541 27.3580729 0 0 0 1 0.0781859212 -0.870944366 0.485121504 0.2 0.345942854 0.552080836 0.376946489
2 115.598123 128.514816 47.2440945 1 0 0 -0.67627448 -0.124489532 0.726054532 1 0 0.706195845 0.534299623
2 125.954869 96.3978273 0 0 0 1 -0.503337086 -0.371268147 0.780263892 0.5 0.221693827 0.702948619 0.424700586
2 108.673554 148.279302 0 0 0 1 -0.719838971 -0.556696047 0.414634017 1 0 0.759309618 0.569333901
2 156.909398 17.718994 47.2440945 1 0 0 0.407138765 -0.854970939 -0.321345171 0.5 0.58760818 0.784250833 0.338119207
2 226.151692 59.7503476 47.2440945 1 0 0 -0.589365039 -0.634638917 -0.499882282 0.5 0.679082714 0.803380114 0.338875766
2 183.782942 120.6517 0 0 0 1 -0.666714645 0.23928881 -0.705855826 1 0.0911811024 0.103468677 0.14176126
2 23.1090711 101.588304 47.2440945 1 0 0 0.145534977 0.476780095 -0.866891177 0.2 0.55255492 0.389358736 0.458169967
2 116.964268 17.3234101 47.2440945 1 0 0 0.0780658404 0.978194508 0.192460981 1 0.075176227 0.252959998 0.605981592
2 59.5279801 64.7710235 0 0 0 1 -0.570392705 -0.0581073 -0.819314167 1 0.527540236 0.68110109 0.572427241
2 30.4501611 98.2471418 47.2440945 1 0 0 0.222052329 0.707052614 -0.671393599 0.2 0.524976292 0.258150333 0.281409517
2 50.9048433 105.351016 47.2440945 1 0 0 -0.169255328 0.899738151 -0.402273406 0.5 0.328746673 0.242673227 0.415697788
2 62.5763871 71.8932446 47.2440945 1 0 0 0.141947959 -0.773004669 -0.618315905 0.2 0.575496572 0.723712025 0.33951099
2 219.467584 34.5434372 47.2440945 1 0 0 -0.230047498 0.956432058 -0.179766148 0.5 0.612823908 0.179172973 0.266066557
2 172.096154 144.777096 47.2440945 1 0 0 -0.670100143 -0.712123555 -0.209393985 0.2 0.331210959 0.76273189 0.329207294
2 195.930225 73.9922499 47.2440945 1 0 0 0.302533795 0.0873984276 0.949123184 0.2 0.551816222 0.597405964 0.451404601
2 161.945085 109.544744 0 0 0 1 0.143578203 0.972035007 0.185831229 0 0.861128649 0.296806839 0.263386434
2 77.4670513 83.676316 47.2440945 1 0 0 0.385567917 -0.9191262 -0.0808975288 0.5 0.278297845 0.774713004 0.282385288
2 94.1019986 19.3108415 47.2440945 1 0 0 -0.0318077278 -0.112083591 -0.993189578 1 0.60985465 0.675650856 0.474352675
2 105.03214 41.4210556 0 0 0 1 0.833119953 -0.366265847 -0.414439952 0.2 0.0722834646 0.152512805 0
2 72.5622644 16.8067437 0 0 0 1 -0.479783176 -0.428843246 0.765442078 0 0.0317508337 0.366580002 0.324586486
2 100.790481 34.913365 47.2440945 1 0 0 -0.793337561 -0.581126587 0.181403981 0.5 0 0.712146167 0.600443382
2 177.899454 36.2469435 0 0 0 1 0.207459839 -0.536744312 -0.817842258 0 0.876838613 0.544359052 0.332608969
2 24.564535 66.6731349 47.2440945 1 0 0 -0.576659764 -0.0403284741 0.815988438 0.5 0 0.619671747 0.590208308
2 68.8511416 53.4689425 0 0 0 1 -0.51923445 0.747562635 0.414180748 0.5 0 0.264360481 0.675162561
2 113.486052 59.2595045 47.2440945 1 0 0 -0.262957755 0.454596238 -0.850996756 1 0.57822797 0.544509423 0.544974397
2 156.96293 123.6533 0 0 0 1 -0.787911644 -0.586884478 -0.186445301 0.5 0.259364065 0.799494715 0.449618004
3 69.3080607 38.8198067 47.2440945 1 0 0 0.177642404 0.0142464276 -0.983991979 0.5 0.854333334 0.621960774 0.294140859
3 214.446688 72.7946735 0 0 0 1 0.262617017 -0.94392318 -0.200103305 0.2 0.461884063 0.712056139 0.250513942
3 98.1475456 145.652907 0 0 0 1 -0.700808239 -0.474095887 0.533011165 0 0 0.542697565 0.598191211
3 139.331499 8.82563127 47.2440945 1 0 0 -0.894001478 0.428439533 -0.131152292 0 0.0911811024 0.0960782888 0.151096746
3 27.9428161 49.693991 47.2440945 1 0 0 -0.33845495 -0.711469714 -0.615840152 0.5 0.494061946 0.687133757 0.418762802
3 204.290454 124.262311 47.2440945 1 0 0 0.349490643 -0.934868407 0.0622683922 0 0.719914815 0.904053117 0.284749251
3 30.5834678 21.4422866 47.2440945 1 0 0 0.493598789 0.4799617 0.725256508 0.2 0.236549424 0.500431924 0.302378485
3 94.7504639 139.443546 47.2440945 1 0 0 -0.195081416 -0.714469079 0.671920513 1 0.430128589 0.731648618 0.290427703
3 203.118727 126.157747 47.2440945 1 0 0 0.265557142 0.964048481 0.00948314635 0.2 0.537984147 0.181414686 0.224047236
3 216.219152 28.1490539 0 0 0 1 0.73320788 0.51903148 0.43933191 0.5 0.671739808 0.457573562 0
3 207.175734 91.8285578 0 0 0 1 0.737604734 0.5825846 0.34137141 0 0.541437715 0.313953809 0
3 190.335496 86.6060513 0 0 0 1 0.198619163 0.870589595 -0.450137962 1 0.802370999 0.323140587 0.0320258893
3 59.3104083 106.192782 47.2440945 1 0 0 0.868399777 -0.0531553799 0.493007436 0.5 0.570345567 0.656307542 0.103712716
3 14.8969533 51.3631988 47.2440945 1 0 0 -0.0440384703 -0.120375112 0.991751201 0 0.0119044038 1.18706737 0.131632751
3 107.485569 62.3211259 47.2440945 1 0 0 -0.206833303 -0.853969339 -0.47744775 0.2 0.742781598 0.901236461 0.377334588
3 21.8033732 42.0032959 0 0 0 1 -0.144971886 0.98491392 0.094486621 1 0 0.228858985 0.638162709
3 219.645341 49.2455977 0 0 0 1 0.660739992 -0.708021461 0.249255439 0.2 0.563228335 0.675397848 0
3 9.67912135 32.7804517 47.2440945 1 0 0 0.328370493 0.881042751 -0.340494479 0.2 0.275182007 0.203499007 0.378022106
3 79.6335173 136.057119 0 0 0 1 0.492803347 0.247086937 -0.834321824 0 0.82007206 0.546628101 0.567523995
3 52.6943657 133.650667 47.2440945 1 0 0 -0.00831347531 -0.11258047 -0.993607832 1 0.621246694 0.670570424 0.418367815
3 10.8924881 58.8999898 0 0 0 1 0.652064772 0.588428044 -0.478083643 0 0.898842849 0.212529349 0.640686261
3 117.906974 106.125381 0 0 0 1 -0.664927393 0.735127224 0.1321345 0.5 0 0.315562809 0.682885738
3 24.6409019 77.3618834 47.2440945 1 0 0 0.56018233 0.777059452 -0.287009349 0.2 0.397090356 0.152835007 0.218521387
3 206.285798 47.6699927 47.2440945 1 0 0 0.956031729 -0.283869755 -0.073629443 0.5 0.594827947 0.647261012 0
3 159.477022 57.4242192 0 0 0 1 -0.0766309303 -0.00118052086 0.997058828 0 0.167145896 0.2527471 0.131625362
3 89.4489802 144.667736 0 0 0 1 0.364451151 -0.45246866 -0.813908761 1 0.676516876 0.708558768 0.224116665
3 193.415701 56.2701283 0 0 0 1 0.315551826 -0.827323602 -0.464717874 0 0.325035211 0.890502293 0.152956077
3 183.559164 89.8897313 47.2440945 1 0 0 -0.0900647791 -0.974797949 -0.204101185 0.5 0.514157816 0.822014375 0.306065666
3 79.8452803 141.82555 47.2440945 1 0 0 -0.246182994 0.807725956 0.535698341 0.2 0.344786059 0.282115618 0.330290666
3 194.664478 50.0526746 47.2440945 1 0 0 0.201128618 -0.0239674777 0.979271586 0.5 0.637827009 0.597619773 0.273090341
3 212.780617 122.526934 47.2440945 1 0 0 0.715509865 -0.192408292 0.671583712 0 1.12013251 0.544390982 0
3 144.54306 24.0429465 0 0 0 1 0.211982821 0.977185047 -0.0131403115 0 0.612434634 0.216154965 0.185765003
3 85.4324713 111.810625 0 0 0 1 0.881879963 -0.370517639 0.291555158 1 0.0722834646 0.151316004 0
3 206.42842 122.207707 47.2440945 1 0 0 -0.476801697 0.864816993 -0.157326762 0.5 0.372496844 0.155408564 0.33114475
3 215.750084 126.566839 0 0 0 1 -0.0373017343 0.592474153 0.804725394 1 0.483569143 0.449731644 0.25569826
3 84.4405475 146.070506 47.2440945 1 0 0 -0.611891272 -0.190499216 -0.767658205 0.2 0.571469353 0.5424314 0.401745254
3 26.8990065 108.636987 47.2440945 1 0 0 0.353480262 -0.260974843 -0.898300526 1 0.683970922 0.674399626 0.189891228
3 199.20223 146.376372 47.2440945 1 0 0 -0.631566733 -0.356083931 -0.688714524 0 0.0911811024 0.160139543 0.141435972
3 154.442634 47.3256695 47.2440945 1 0 0 0.210649828 0.603700667 -0.768877203 0.5 0.800411624 0.431028534 0.219974149
3 59.0231424 81.7960298 0 0 0 1 -0.176696228 -0.637155798 0.75020726 0 0 1.08922406 0.677462037
3 132.865842 38.2152391 0 0 0 1 -0.6716496 -0.10333786 -0.733626677 0.5 0.147586372 0.209355238 0.218104792
3 75.8222263 19.7127333 47.2440945 1 0 0 0.964924575 0.137495086 -0.223641824 0.2 0.407588773 0.825516513 0
3 210.529721 70.0854676 0 0 0 1 0.229046135 -0.152506453 -0.961394638 0.5 0.850735626 0.736920064 0.347688364
3 83.3008823 109.875958 47.2440945 1 0 0 0.876704836 0.424231915 -0.226750774 0.2 0.377561554 0.49941738 0
3 51.1434988 118.205067 0 0 0 1 0.515682354 0.637974159 -0.571892195 0 0.72933637 0.477310124 0.273264401
3 17.4004478 10.2818289 0 0 0 1 -0.348704696 0.690772126 0.633434215 1 0 0.434164417 0.624651281
3 83.3895942 141.416877 0 0 0 1 -0.482106294 -0.770900656 -0.41627599 0.2 0.0886015919 0.661956556 0.442919671
3 226.019886 42.9149784 47.2440945 1 0 0 -0.299920185 -0.953779701 0.0187660717 0 0.241295504 0.567902438 0.219558201
