# mode px py pz nx ny nz rx ry rz roughness -> r g b (Source units)
1 145.690339 79.8417343 0 0 0 1 0.306898008 0.142197478 -0.94105977 0.5 0.611372016 0.602715171 0.46154399
1 205.684932 131.370935 0 0 0 1 -0.0515931869 -0.868984495 -0.492142347 0.2 0.285838897 0.266430753 0.280331362
1 178.891333 59.0767958 47.2440945 1 0 0 0.15644303 -0.917758963 0.365026115 1 0.743986781 0.634651152 0.675369938
1 57.5259946 92.6560095 0 0 0 1 -0.838503742 0.363398057 -0.406021337 0.2 0.712697428 0.451673605 0.606253136
1 74.0524093 16.2718863 47.2440945 1 0 0 0.450816126 0.0757838148 -0.88939397 1 0.61122681 0.593067854 0.591582446
1 200.468476 62.8139561 0 0 0 1 0.654442229 0.755325613 -0.0344758856 1 0.625751782 0.585998903 0.550473107
1 9.0348703 53.6586947 47.2440945 1 0 0 -0.267122953 -0.155902151 -0.950967848 0.2 0.292021479 0.240237015 0.841989112
1 188.93225 29.1621663 0 0 0 1 0.895725784 -0.442643511 -0.04173778 0.5 0.930338036 0.517363994 0.409048619
1 183.605858 123.575479 0 0 0 1 -0.48696282 -0.384313254 -0.784328078 1 0.64421456 0.543382632 0.535154317
1 111.040777 61.6537881 47.2440945 1 0 0 0.789226192 -0.0967408458 0.60643485 0 0.258095154 0.234426001 0.202656052
1 74.6843146 146.594188 0 0 0 1 0.0173604369 -0.904728955 -0.425633802 0 0.582557666 0.932455887 0.88984559
1 69.2591901 91.4948856 47.2440945 1 0 0 -0.830772426 0.0118026306 -0.556487083 0.2 0.344417371 0.352882132 0.358339972
1 64.0657359 93.6300202 47.2440945 1 0 0 -0.184539379 -0.848225727 -0.4964457 0 0.692766935 0.504633393 0.387637981
1 106.001075 98.298728 0 0 0 1 0.797882478 -0.323788748 -0.508472613 1 0.642627265 0.608000452 0.608478692
1 119.113002 103.748853 0 0 0 1 0.164434225 0.685993623 -0.70878356 1 0.579964776 0.592899459 0.475482286
1 129.904928 29.245546 47.2440945 1 0 0 -0.110763028 -0.335734867 -0.935421643 0.2 0.273594589 0.528006213 0.414842704
1 227.354393 70.2806489 0 0 0 1 0.994807095 -0.0317340168 0.0967046818 0.2 0.646236089 0.575045855 0.534175049
1 182.634124 41.8279631 47.2440945 1 0 0 -0.729457139 0.440968357 -0.522914133 0.5 0.801295175 0.772419743 0.937214725
1 145.047389 64.9210186 47.2440945 1 0 0 -0.0865274865 -0.671048759 -0.736346764 0.2 0.432445979 0.417110232 0.471724124
1 225.912474 21.5801078 0 0 0 1 0.915978095 -0.347799118 0.200049752 0 0.289297304 0.464048307 0.939317094
1 55.34365 145.046495 0 0 0 1 -0.0501618317 -0.654879156 -0.754067027 0.5 0.623767992 0.672508003 0.378730289
1 43.1963539 38.3470289 47.2440945 1 0 0 0.881373792 -0.422259239 -0.211842803 0.5 0.385213885 0.77674643 0.34123389
1 142.922117 103.084826 0 0 0 1 0.0163475101 0.865510073 0.500624682 0 0.275146484 1.18945312 0.297851562
1 17.5620175 50.4532399 47.2440945 1 0 0 0.248324842 -0.36578327 -0.896960073 1 0.532867564 0.570579524 0.532867564
1 15.7405339 131.758949 47.2440945 1 0 0 0.697086769 0.709506343 -0.103299496 0.5 0.489991341 0.717465965 0.385145139
1 121.392811 101.731223 0 0 0 1 0.429046358 0.618721709 0.658105363 1 0.654918016 0.599192902 0.483476633
1 110.659596 26.5282259 47.2440945 1 0 0 0.503279532 -0.248868191 0.827510928 1 0.510334871 0.647934369 0.540919986
1 210.084233 127.648329 47.2440945 1 0 0 -0.782100487 0.540636765 0.309888233 0.5 0.813409468 0.889697394 0.79793421
1 146.601064 141.803678 47.2440945 1 0 0 0.342728554 0.737151683 0.582361172 0.2 0.807300728 0.274973888 0.182604235
1 121.222788 135.988206 47.2440945 1 0 0 -0.521054679 -0.768344369 0.371683941 0.2 0.441623496 0.673520857 0.420912964
1 117.420915 88.6216115 47.2440945 1 0 0 -0.770465592 -0.0094165598 0.637412033 0.5 0.387532128 0.680247927 0.803191124
1 62.4442348 28.4903871 47.2440945 1 0 0 -0.611701977 -0.785181466 0.0964922612 0 0.430425359 0.708741783 0.415027955
1 10.4742733 35.1523064 47.2440945 1 0 0 0.175623344 -0.972578397 0.152471971 0 0.407226368 0.999697709 1.13671875
1 50.2933861 139.388207 0 0 0 1 -0.492010359 -0.865359002 -0.0952869563 0.5 0.362414686 0.905302228 0.892878072
1 160.448027 86.1565101 0 0 0 1 -0.491983149 -0.832106499 0.25602999 1 0.520869651 0.612916913 0.581442358
1 52.1022699 33.4641336 47.2440945 1 0 0 -0.057310865 0.379462908 -0.923430217 1 0.538853292 0.497637104 0.626999116
1 89.3465882 133.173418 0 0 0 1 -0.441932738 -0.670927622 -0.595442341 1 0.552657162 0.468887339 0.523300488
1 8.69731321 98.8054385 0 0 0 1 0.221537727 -0.887673431 0.403679223 0 0.853872214 0.397877186 0.895171231
1 190.876665 88.6180861 47.2440945 1 0 0 0.136929664 0.816187719 -0.561326888 0.2 0.44393183 0.42662744 0.310476879
1 41.9284273 61.20615 47.2440945 1 0 0 0.994836544 -0.100265409 -0.015719395 0.2 0.470342333 0.701939236 1.12687874
1 66.8722876 66.1196463 47.2440945 1 0 0 -0.856390865 -0.271822616 0.438984226 0.5 0.287447809 0.618683896 0.62447077
1 201.962995 41.8173687 47.2440945 1 0 0 -0.26361726 0.259065868 -0.929188257 0.5 0.403444534 0.737962862 0.768407667
1 120.26884 13.2679619 47.2440945 1 0 0 0.464611962 -0.00864080453 -0.885472225 0 0.963499149 0.949166718 0.961175762
1 194.647298 132.062508 0 0 0 1 -0.179128918 -0.509583 -0.841568771 0.5 0.462076062 0.507243954 0.519987416
1 148.914021 74.1664874 47.2440945 1 0 0 -0.369203324 0.928769049 0.0328170576 0.5 0.393665689 0.456820416 0.731089828
1 171.414067 85.491603 0 0 0 1 -0.623371322 -0.500112974 0.601078371 1 0.457406792 0.572489047 0.57685735
1 28.0462751 53.5349573 47.2440945 1 0 0 0.909932742 0.277085689 -0.308619388 0.5 0.454298707 0.619887084 0.551416694
1 127.181315 114.361012 47.2440945 1 0 0 0.0392846237 0.823954225 0.565292981 0 1.13671875 1.13671875 1.13671875
2 48.5005194 12.4885817 0 0 0 1 0.136296244 -0.786042806 -0.602959403 0.2 0.92703689 0.898946034 0.273716667
2 184.149883 52.3511237 47.2440945 1 0 0 0.380959533 0.219375995 -0.898189294 0 0.213559603 0.213559603 0.216601865
2 149.973271 52.1271822 47.2440945 1 0 0 0.675671488 0.299819043 0.673480944 1 0.76547022 0.607367494 0.566199967
2 166.828647 109.885606 47.2440945 1 0 0 -0.312917879 -0.241155984 -0.918654555 0.2 0.472934758 0.838544847 0.413638413
2 227.634588 72.3646827 47.2440945 1 0 0 0.846251889 -0.0585268395 0.529558636 1 0.604737147 0.57764964 0.570393832
2 214.937314 15.9207758 47.2440945 1 0 0 -0.359648513 0.0910334132 -0.928636562 0 0.665881358 0.479528056 0.425571068
2 193.73781 148.948897 47.2440945 1 0 0 -0.233819965 0.600786824 -0.764449747 0 0.553710938 0.292236328 0.988769531
2 179.206635 133.831398 47.2440945 1 0 0 0.698963231 0.219838442 -0.68053028 0.2 0.602028657 0.39038965 0.495042968
2 94.9648663 137.746699 0 0 0 1 -0.735741484 -0.673356259 -0.0726348273 0 0.869430415 0.734878229 0.266269835
2 149.247363 42.8217287 47.2440945 1 0 0 -0.519615643 -0.801784151 -0.295197829 0 0.758738102 0.434954969 0.293514513
2 48.5391968 63.7321621 47.2440945 1 0 0 -0.622677439 -0.781933127 -0.029212882 0 0.464509802 1.13671875 0.842374632
2 175.321614 40.0726852 47.2440945 1 0 0 0.499952745 -0.866050406 0.00198659096 0.2 0.233786894 0.230224441 0.268513415
2 174.923926 25.5772825 47.2440945 1 0 0 -0.447914276 -0.673395215 0.588142573 1 0.449171693 0.484957136 0.385953303
2 166.899732 12.554572 47.2440945 1 0 0 -0.29328264 0.848034692 -0.441386967 1 0.541458832 0.55511636 0.538379102
2 105.939942 79.2130399 0 0 0 1 0.440577142 -0.259081969 -0.859516326 0.5 0.339251207 0.758318828 0.317871292
2 91.252356 25.32603 0 0 0 1 0.686298142 -0.18099161 0.70444084 0 0.61547673 0.591493685 0.489698529
2 100.421938 32.8620369 0 0 0 1 -0.0433220015 -0.994676131 -0.0935018604 0.2 0.340947918 0.256825178 0.276767668
2 15.2243983 129.831199 0 0 0 1 0.0393568815 0.726051195 -0.686513436 0.5 0.606480531 0.513920582 0.418771039
2 194.023333 76.5068491 0 0 0 1 -0.0213583464 -0.935078049 0.353797773 0 0.222441209 0.216679254 0.93024458
2 127.451627 33.9107353 47.2440945 1 0 0 -0.513477749 -0.857642184 -0.0281155852 0.2 1.29708552 0.801996489 0.200848078
2 93.311196 102.815449 47.2440945 1 0 0 0.508378409 -0.700919288 -0.500263475 1 0.606490472 0.615146675 0.611230934
2 128.699256 45.555652 0 0 0 1 -0.529267897 -0.804286976 0.270181333 0.2 0.263843852 0.237811911 0.291536294
2 166.975796 82.5580284 0 0 0 1 -0.656446003 -0.586641767 0.474267943 0.2 0.463289967 0.330360387 0.52480343
2 91.9756247 47.9775718 47.2440945 1 0 0 -0.579165442 0.331762306 -0.744648349 1 0.579484449 0.668262788 0.610295466
2 191.007393 81.0307195 47.2440945 1 0 0 -0.420682919 -0.637008193 0.645946162 0.5 0.557350744 0.708755382 0.408477687
2 210.590344 96.9575168 47.2440945 1 0 0 -0.793164163 0.604133487 -0.0768982459 0 0.754736157 0.244628906 0.223339932
2 93.29216 83.8720113 47.2440945 1 0 0 0.0835067667 0.0259384325 0.996169573 0.5 0.635174612 0.612292824 0.87264606
2 38.2586797 63.9438892 0 0 0 1 -0.488177764 -0.731830695 -0.475506367 1 0.568388863 0.483930695 0.551021133
2 175.515372 119.957861 47.2440945 1 0 0 -0.769004302 0.430368738 0.4726681 0 0.826171875 0.244628906 0.153808594
2 226.791874 131.6683 47.2440945 1 0 0 -0.556565207 -0.80500953 -0.205413793 1 0.542227241 0.468720177 0.606102546
2 40.5013241 33.2967145 47.2440945 1 0 0 0.436379981 -0.884467348 0.165196919 0.5 0.528203214 0.424260835 0.678086818
2 164.999362 27.1933626 0 0 0 1 -0.583278694 0.564091138 -0.584454578 0.5 0.695930507 0.588093058 0.504689816
2 189.83508 23.9169255 0 0 0 1 -0.156988519 -0.828505297 -0.53752542 0.2 0.280804994 0.279989989 0.295148331
2 210.83476 146.714497 47.2440945 1 0 0 0.834897882 0.494357084 -0.241984711 0 0.497506431 0.7100131 0.7100131
2 35.0762173 141.327901 0 0 0 1 -0.410263775 -0.892881101 -0.185598962 0 0.873024958 0.559675404 1.08730144
2 28.1155714 40.5670022 0 0 0 1 -0.238302721 -0.648164207 -0.72325305 0.5 0.476571986 0.638946226 0.655883152
2 225.672475 145.341231 0 0 0 1 -0.99766886 -0.0589399396 -0.0343937381 1 0.519505681 0.575395282 0.675118402
2 33.615603 37.3284883 47.2440945 1 0 0 0.567642878 0.821067039 -0.0602534735 0.5 0.653835358 0.422919076 0.415746265
2 46.8552099 79.658018 0 0 0 1 -0.781842646 -0.066299629 -0.619940671 0.2 0.415627404 0.715406669 0.824570363
2 134.635292 78.3695338 47.2440945 1 0 0 -0.579190626 -0.045754406 -0.813907091 1 0.582059378 0.572428962 0.548247002
2 106.264921 137.552805 0 0 0 1 0.913047496 -0.156539804 0.376615931 1 0.669485853 0.59876157 0.65975465
2 173.314814 13.6182636 47.2440945 1 0 0 -0.151350769 -0.601675402 -0.784270142 0 0.407714844 0.763183594 0.417480469
2 49.8866374 52.5694068 0 0 0 1 -0.369596125 -0.854783841 0.364339524 0 0.690332566 0.198732781 0.488504617
2 209.480136 92.9097998 0 0 0 1 -0.00324912909 -0.998783151 0.0492103728 1 0.564092575 0.61956641 0.611273803
2 55.7594937 17.2847869 47.2440945 1 0 0 -0.891295064 -0.409173923 -0.195370953 0 0.795463005 0.82614268 0.557751896
2 177.441793 41.4008691 47.2440945 1 0 0 -0.996400842 0.0439354658 0.0724916272 1 0.538182352 0.595920976 0.620964437
2 22.77873 73.7885211 0 0 0 1 -0.269195725 -0.722828532 -0.636437408 0 0.99609375 0.194458008 0.211425781
2 112.24624 132.719894 47.2440945 1 0 0 -0.846211391 -0.233706401 -0.47886073 0 0.762405886 0.84462706 0.547721278
3 77.3673389 127.86763 47.2440945 1 0 0 -0.432412598 -0.272093819 0.859641959 0.5 0.77747961 0.775023341 0.821573462
3 15.0270653 19.8360096 47.2440945 1 0 0 -0.822360051 -0.534555847 -0.194869171 1 0.59121187 0.591696525 0.599166347
3 191.074976 46.745027 0 0 0 1 0.93479835 0.352787977 -0.041142284 0.2 0.900769922 0.563170433 0.913791189
3 209.627188 116.25571 0 0 0 1 0.325164029 0.939613241 -0.106748823 0 0.214355469 0.184082031 0.214355469
3 226.099677 94.0611791 0 0 0 1 -0.269591049 0.891695502 0.363592901 0.5 0.714522512 0.668382267 0.422492279
3 142.786618 52.2074356 47.2440945 1 0 0 0.3196268 -0.241968534 0.916127686 0.2 0.60428458 0.452275519 0.233858417
3 154.705482 97.0099987 0 0 0 1 0.887425811 0.293775958 0.355205739 1 0.559354842 0.643460725 0.634719768
3 157.44374 72.3211478 0 0 0 1 -0.949962623 0.29882709 -0.090958152 0 0.514225695 0.514225695 0.514225695
3 133.576033 130.097738 47.2440945 1 0 0 0.494319346 0.777479728 -0.388810567 0 0.396020152 0.922256002 0.636929338
3 217.85702 49.393057 47.2440945 1 0 0 -0.89813721 0.195448325 -0.393890218 1 0.50283338 0.592588943 0.586410177
3 141.890665 115.268904 47.2440945 1 0 0 -0.429463838 -0.786250037 -0.444265339 0.5 0.455303388 0.829516723 0.88433086
3 81.8923551 97.9695653 0 0 0 1 -0.880558584 0.463989398 0.0965940943 0.2 0.628652934 0.840369993 0.251044735
3 120.949313 112.816661 0 0 0 1 0.489480085 0.871957703 0.0099504147 0.2 0.524953493 0.933838997 0.714936565
3 11.9886653 61.485898 0 0 0 1 -0.768252167 -0.381001274 -0.514418737 0.5 0.575961541 0.545577017 0.774999647
3 167.52391 110.618727 0 0 0 1 -0.242960215 0.0385580147 -0.969269629 0 0.212447384 0.349607589 0.324836534
3 160.864489 106.863541 47.2440945 1 0 0 0.217170569 -0.957747401 0.188565268 1 0.634449447 0.578228803 0.608502241
3 100.704189 62.7937012 0 0 0 1 -0.321910064 -0.922093308 -0.214750652 0.2 0.778988739 0.420166667 0.861185071
3 195.60213 11.6231508 0 0 0 1 -0.288599742 -0.327466283 -0.899708854 1 0.499294923 0.621975811 0.747085209
3 174.446698 144.349919 47.2440945 1 0 0 -0.0109436709 0.681699089 0.73155081 1 0.635167484 0.672742231 0.571286592
3 82.103691 109.014229 0 0 0 1 0.803988563 0.429300091 -0.411465458 0 0.343715996 0.745260147 0.590072899
3 24.9601823 36.8920919 47.2440945 1 0 0 0.998109142 -0.0388295925 -0.047648753 1 0.63945661 0.591068761 0.658766487
3 37.0255488 111.452991 47.2440945 1 0 0 -0.547750229 0.172965173 -0.81856749 0.5 0.444356463 0.489096865 0.386767665
3 48.5009639 47.3724452 47.2440945 1 0 0 -0.072840313 -0.942951695 -0.324863649 1 0.598051498 0.475012322 0.713299532
3 74.8795655 74.3869061 0 0 0 1 0.994110985 -0.0303365379 -0.104033859 0.5 0.483883569 0.484138554 0.559684793
3 106.5389 129.747928 0 0 0 1 0.374083109 0.497575528 -0.782611284 0.2 0.538258559 0.524161978 0.838611954
3 212.471687 71.3802981 0 0 0 1 -0.211545427 0.937720585 0.275551515 0.5 0.48028105 0.397572763 0.545384371
3 69.2574893 48.693845 47.2440945 1 0 0 0.0717473602 0.914251486 -0.398743698 0.2 0.566707594 0.345594629 0.895130882
3 205.98739 51.1719686 0 0 0 1 0.0523506236 -0.329024122 0.942869312 0.2 1.00433737 0.460233714 0.463497803
3 157.897174 18.7898488 0 0 0 1 -0.916168911 -0.314552715 -0.248376965 0.5 0.498755822 0.521406373 0.532125291
3 196.045682 38.9850428 0 0 0 1 0.399808145 0.365304294 0.840658206 0.2 0.414386574 0.550713798 0.807450699
3 96.780276 46.2985207 0 0 0 1 -0.89015037 0.424410208 -0.165856247 1 0.573822966 0.589207349 0.537818696
3 8.59644704 32.3893231 0 0 0 1 -0.529400956 0.429142529 -0.731827382 0 0.283289817 0.867808462 0.532580614
3 181.378631 16.8124635 0 0 0 1 -0.802744237 -0.143092521 -0.578900873 0.2 0.794485616 0.585393389 0.280469362
3 61.9946759 73.8913774 47.2440945 1 0 0 -0.800893543 0.458573827 0.385070873 0 0.256188106 0.77198426 0.245013417
3 39.2869745 38.260869 0 0 0 1 0.716214759 -0.0901101053 -0.692037996 0.5 0.401412554 0.442402542 0.780936319
3 184.13988 112.581647 47.2440945 1 0 0 -0.443991693 -0.539876545 -0.715125648 0.5 0.397682932 0.444438629 0.412934157
3 159.190569 138.625982 47.2440945 1 0 0 0.204873063 -0.303630422 -0.930502872 0 0.732160714 0.732160714 0.904469894
3 54.7057136 46.5647606 47.2440945 1 0 0 0.881228097 -0.140893974 0.451204975 0 1.0489536 0.848094195 0.890677731
3 66.8684316 88.9800727 47.2440945 1 0 0 0.164786052 0.984547572 0.0592590588 0.5 0.448018766 0.938857789 0.481008251
3 214.946105 79.6934013 47.2440945 1 0 0 0.905813264 0.31140129 0.287283077 0 0.214355469 0.445174223 0.191657872
3 67.0792386 18.5193205 47.2440945 1 0 0 0.269271395 -0.956971301 -0.108161202 1 0.581639994 0.559080478 0.635952221
3 162.735154 25.5727471 0 0 0 1 -0.185397801 0.14838511 -0.971395653 0.2 0.282930414 0.282558505 0.264317834
3 36.4369363 133.275829 47.2440945 1 0 0 0.802298635 0.0512515301 -0.594718573 0.5 0.538511524 0.904290404 0.960287559
3 187.566963 75.0766668 47.2440945 1 0 0 -0.98540211 -0.162199782 -0.0517098808 0 0.408548647 0.361731486 0.406045389
3 33.7993726 121.913216 47.2440945 1 0 0 -0.742627621 0.0952346186 -0.662898623 0.5 0.363020484 0.335692579 0.348597043
3 121.646863 17.3106567 47.2440945 1 0 0 0.605242939 -0.794919352 -0.0422399 0 0.510743049 0.61496936 0.300401177
3 15.6385318 92.1782398 47.2440945 1 0 0 0.334034889 0.877597825 -0.343864437 0 1.13671875 1.13671875 1.13671875
3 129.151175 130.516655 47.2440945 1 0 0 -0.374766087 -0.677581644 0.632798147 1 0.49573405 0.518044385 0.404997573
5 103.825525 79.4706934 47.2440945 1 0 0 0.722363338 -0.172313621 -0.669700847 0.2 0 0 1
5 53.0453929 9.0317108 0 0 0 1 0.278421449 -0.67861281 -0.679680918 0.5 1 0 0
5 164.068114 70.6209484 47.2440945 1 0 0 -0.953126529 -0.01624192 0.302135765 1 0 0 1
5 9.9564532 36.1573971 47.2440945 1 0 0 0.695329839 -0.096329529 0.712205754 1 1 0 0
5 61.8935664 108.852201 0 0 0 1 0.0308938259 -0.160461115 0.986558565 0 1 0 0
5 219.692834 79.104605 47.2440945 1 0 0 0.929634254 -0.299897327 -0.21410686 0.5 0 0 1
5 205.789959 131.018483 47.2440945 1 0 0 -0.175121941 0.0901235067 -0.980413208 1 0 0 1
5 148.078008 134.958011 0 0 0 1 0.859367951 -0.33472488 0.386582435 0.2 0 0 1
5 28.4226583 52.7689822 47.2440945 1 0 0 -0.840967024 0.365538847 0.398943374 0.5 1 0 0
5 77.9954619 47.6134528 0 0 0 1 -0.200583048 0.963570426 0.176913753 0 1 0 0
5 14.0323733 140.97911 47.2440945 1 0 0 0.836164184 0.451339164 -0.311644696 0 1 0 0
5 56.1995915 79.3067407 47.2440945 1 0 0 -0.655450906 0.747915635 0.104910975 0.2 1 0 0
5 13.4815391 21.5533817 47.2440945 1 0 0 0.0270035799 -0.156255155 -0.987347524 0.2 1 0 0
5 35.68963 14.3774201 0 0 0 1 -0.0997339962 -0.981322466 0.164497257 1 1 0 0
5 147.480371 148.249287 47.2440945 1 0 0 -0.696372163 -0.686166173 -0.210337333 1 0 0 1
5 30.0188948 89.9601994 47.2440945 1 0 0 0.119775318 -0.629029668 -0.768098659 0.5 1 0 0
5 42.2154813 15.5974293 47.2440945 1 0 0 -0.42676975 -0.817348691 -0.387051286 0.5 1 0 0
5 206.918295 80.3354179 0 0 0 1 0.78841539 -0.523626553 0.32282566 0 0 0 1
5 81.8320304 79.3218981 47.2440945 1 0 0 -0.952642566 0.207748147 -0.222064968 0 0 0 1
5 81.2906605 69.5825288 47.2440945 1 0 0 -0.0323834843 0.307944198 0.950853133 0.2 0 0 1
5 26.953584 142.701159 47.2440945 1 0 0 0.194626528 0.124307969 -0.972968675 0.2 1 0 0
5 183.354761 142.345642 0 0 0 1 0.557952238 -0.235363062 0.795797418 0.2 0 0 1
5 156.996557 25.5859701 47.2440945 1 0 0 -0.0165615976 0.65965896 -0.751382573 0.5 0 0 1
5 128.50172 29.3777373 47.2440945 1 0 0 -0.298400257 0.886833835 -0.352821536 0.5 0 0 1
5 144.106768 65.6283063 0 0 0 1 -0.491055082 -0.164815023 -0.85539518 0.2 0 0 1
5 30.005192 126.082492 47.2440945 1 0 0 0.0440838672 0.904426939 0.424344817 0.5 1 0 0
5 65.2643297 96.2798954 47.2440945 1 0 0 -0.755209397 -0.594724956 -0.275610221 0 0 0 1
5 136.550885 111.314506 0 0 0 1 0.683400882 -0.558936611 -0.469630811 1 0.0114832039 0 0.988516796
5 217.814916 89.5200857 0 0 0 1 0.68461035 0.669059597 -0.289254082 0.5 0 0 1
5 188.02909 37.645865 47.2440945 1 0 0 -0.549371232 -0.761686429 -0.343547716 0.2 0 0 1
5 149.13652 123.777777 47.2440945 1 0 0 -0.915626667 0.30779923 -0.258626064 0.2 0 0 1
5 122.259214 9.86124155 47.2440945 1 0 0 0.213158028 0.827454167 0.519502894 0.2 0 0 1
5 11.2102437 106.871785 0 0 0 1 -0.622340694 0.469944093 0.625974927 0.2 1 0 0
5 204.252405 35.4182133 0 0 0 1 -0.613946263 -0.784173608 -0.0902315835 0.5 0 0 1
5 22.6135013 74.6428869 47.2440945 1 0 0 -0.493895088 0.453589469 -0.741838416 1 1 0 0
5 36.3328301 146.081872 0 0 0 1 -0.952850548 -0.23206866 -0.195499286 1 1 0 0
5 160.677234 84.2727987 47.2440945 1 0 0 0.433415761 0.70820571 -0.557310909 0 0 0 1
5 186.929382 15.9455022 0 0 0 1 0.46926555 -0.883057099 -6.79053942e-05 0.5 0 0 1
5 181.286761 68.6459601 47.2440945 1 0 0 -0.940792039 0.174461663 0.290643197 1 0 0 1
5 107.616656 101.45518 0 0 0 1 -0.666716661 -0.46865304 0.579528448 0.2 1 0 0
5 46.9099352 15.9111847 0 0 0 1 0.160229979 -0.312259663 0.936386809 0.5 1 0 0
5 15.6571816 43.6832053 47.2440945 1 0 0 0.839718834 -0.531815856 0.109745958 1 1 0 0
5 195.579757 10.4728384 0 0 0 1 0.951140008 0.29716979 0.0838021572 0 0 0 1
5 223.429362 84.4191222 0 0 0 1 -0.336918614 -0.8763876 -0.344137503 0.2 0 0 1
5 61.6991664 61.9417041 47.2440945 1 0 0 -0.54618288 0.738758787 -0.394866706 0 0 0 1
5 198.819978 79.263152 47.2440945 1 0 0 -0.344243912 -0.938082465 -0.0386964838 1 0 0 1
5 96.6209896 49.8036432 0 0 0 1 -0.645696603 -0.130530076 0.752354834 0.5 1 0 0
5 76.5167345 100.964774 47.2440945 1 0 0 0.50968158 0.703010905 0.495984228 0.2 0 0 1
